0110010010000100011100101011111101001011101010001011101101010
100110111100111000000101111001111100100101101010100011101001001010000011110100100001111000010000110110100011111000000010001111101111011010001001011101110010000000110010111011101100011111010101101011110001101000110011101011110111100111011010100101011
1000111111001111000001100111110001100001000111110100110000100011011101011110111010010010100000
1000111111011010011101110010000001110111101111011000010111111011101000110101010101000101110010011111101001011010010110000100101101011111011110011111011010000000011110111000001010111111000100011111011111100110111000010100100101010101011111110101110010010010111011010111111010001101111111011010000000011010010010100000
0110010010000100011100101011111110100000001001011101110110001111111110110100000001111101101010100011101
100110101010011011111010010010111110100110000000000110100100001110000111001010100000011111010100110100000011011010010010100000111000010001001100011111011111100111110111100111100111010111011110010010110101111101111001111000100010
1101001101111011010100101111001110101111001110100011010111011101100011111001010000001000111110000100101101011111000010011010010
100110101010011000010111100001110000111000001100101110110101001011111011110010011111110100101111110000101000011011111100010001010000111000011010111101111011010111100111110000110001110101111100001010000100011110000101111111000111100111111000010100101011
10001111110110100011010101010001011100100111111010001101111100001111101011010010000110000101000110101001011010000101111000100010101110011101001010010111011110010
11010011110010110101111000011101101101000001000110100110010010111011011010000010100010
0110010010000100011100111100001001111000110111110111101101011111001011110110100011111001010100110101010
100110111011010111100101011101010011000010111110100000000001000101011010111100001111011110111100011110010000010010110101111101110100011010100010
100011111100111101101000010001111011101100011111111001101010100110111100101100001100110111011110000111000011111010011000010001101110101111011101001001010000011110111101100001011111100110101010011000010111110101110010010010
01100110011111011111100111110110101001011110011011111010000000000100011010111110111011000111111110010010011000010001111100100100100110111110111100111100010001011111011110001101010
011001001000010001110011110000100111100011011111011110110101111100011111011001010100110101010
1101001111011111000101000000010101111110011011111010000000100101110010000001110111101111011000010111111001101010100110000101111011001110100010110101
10001111110011110110100001000111101110110001111111100110101010011011110010110000110011011101111000011100001111110001000011010000001100111101001001010000011101110110001111001111111011010000000111011
01100110011111011111101001011111110101110010010101010101111101101000010111011010001110101111110100101111111010000001010000000110001011101111101011100010001010010101010101111110110100000001111101110110001111111000011010010000000111011111000010010011100110111000011010
01100100100001000111001010111111101111001001111110000001101011101110110001111100011101
10011010111010100010111001011001111011011101101001010100110100000000001111110010000111101101010111101111001111011000000010110011111100001000100110001111101111101101011100010010000110000110101111110011010101001101111001011000011001101110
100110111110111100110100100101111011110110000101111101110110001111101010001101011110011101000010001
1101001100110100110101111011101100011111110100110000100011111011010000011001110101111010010111111100011111011111110010000111110111101100001011111101111001001111001011110011111011010001101011110010110010111101110100100101000001110100110000100011111110110000110100101101001001010010010110101100011101
10011010111010100010111100101100111001001011010000011010101111110111101100001011111101111011010111100010011001011110111111100100001111011110010
1101001110011010111001101111100101001010100100101000001111100011111011111110010000111110111010001101010
110100110101100111110110100001000111001111000010011110001101111101111011010111110010111101101000111110010101001101010101111000101110010111101101000111110010101001101010101000110
100110111011010111100101011101010011000010111110100000000001000101011010111100001111011110111100011110010000010010110101111101110100011010100010111100010110111101111000111100100000100101101011111011101000110101000101000110
100011111100111101101000010001111011101100011111111001101010100110111100101100001100110111011110000111000011111010011000010001101110101111011101001001010000011110111101100001011111100110101010011000010111110101110010010010
01100110011111011111100111110110101001011110011011111010000000000100011010111110111011000111111110010010011000010001111100100100100110111110111100111100010001011111011110001101010
011001001000010001110011110000100111100011011111011110110101111100011111011001010100110101010111100010111000111110110010101001101010101000110
1101001111011111000101000000010101111110011011111010000000100101110010000001110111101111011000010111111001101010100110000101111011001110100010110101111100010110011010101001100001011110110011101000101101011000110
10001111110011110110100001000111101110110001111111100110101010011011110010110000110011011101111000011100001111110001000011010000001100111101001001010000011101110110001111001111111011010000000111011
01100110011111011111101001011111110101110010010101010101111101101000010111011010001110101111110100101111111010000001010000000110001011101111101011100010001010010101010101111110110100000001111101110110001111111000011010010000000111011111000010010011100110111000011010
10001110011001101111110001010001110010011100101010111110001110010011100101010111110001110010011100101010111110001110010011100101000110101011111000010010011100110111000011010
10001010110010101001000001101100101010111111101110100100000110110010101011111110111010010000011011001010101111111011101001000001101100101000110
10001110011001101111110001010001110010011100101010111110001110010011100101010111110001110010011100101010111110001110010011100101000110101011111000010010011100110111000011010
10001010110010101001000001101100101010111111101110100100000110110010101011111110111010010000011011001010101111111011101001000001101100101000110
10001110011001101111110001010001110010011100101010111110001110010011100101010111110001110010011100101010111110001110010011100101000110101011111000010010011100110111000011010
10001010110010101001000001101100101010111111101110100100000110110010101011111110111010010000011011001010101111111011101001000001101100101000110
1101001111001001110011011100001101011110001010001110010011100101010111110001110010011100101010111110001110010011100101010111110001110010011100101000110
01100100100001000111001111000010011110001101111101111011010111110010111101101000111110010101001101010101111000101110010111101101000111110010101001101010101000110
100110111011010111100101011101010011000010111110100000000001000101011010111100001111011110111100011110010000010010110101111101110100011010100010111100010110111101111000111100100000100101101011111011101000110101000101000110
100011111100111101101000010001111011101100011111111001101010100110111100101100001100110111011110000111000011111010011000010001101110101111011101001001010000011110111101100001011111100110101010011000010111110101110010010010
01100110011111011111100111110110101001011110011011111010000000000100011010111110111011000111111110010010011000010001111100100100100110111110111100111100010001011111011110001101010
011001001000010001110011110000100111100011011111011110110101111100011111011001010100110101010111100010111000111110110010101001101010101000110
1101001111011111000101000000010101111110011011111010000000100101110010000001110111101111011000010111111001101010100110000101111011001110100010110101111100010110011010101001100001011110110011101000101101011000110
10001111110011110110100001000111101110110001111111100110101010011011110010110000110011011101111000011100001111110001000011010000001100111101001001010000011101110110001111001111111011010000000111011
01100110011111011111101001011111110101110010010101010101111101101000010111011010001110101111110100101111111010000001010000000110001011101111101011100010001010010101010101111110110100000001111101110110001111111000011010010000000111011111000010010011100110111000011010
0110010010000100011100101011111101001011101010001011101101010
100110111100111000000101111001111100100101101010100011101001001010000011110100100001111000010000110110100011111000000010001111101111011010001001011101110010000000110010111011101100011111010101101011110001101000110011101011110111100111011010100101011
1000111111001111000001100111110001100001000111110100110000100011011101011110111010010010100000
1000111111011010011101110010000001110111101111011000010111111011101000110101010101000101110010011111101001011010010110000100101101011111011110011111011010000000011110111000001010111111000100011111011111100110111000010100100101010101011111110101110010010010111011010111111010001101111111011010000000011010010010100000
0110010010000100011100101011111110100000001001011101110110001111111110110100000001111101101010100011101
100110101010011011111010010010111110100110000000000110100100001110000111001010100000011111010100110100000011011010010010100000111000010001001100011111011111100111110111100111100111010111011110010010110101111101111001111000100010
1101001101111011010100101111001110101111001110100011010111011101100011111001010000001000111110000100101101011111000010011010010
100110101010011000010111100001110000111000001100101110110101001011111011110010011111110100101111110000101000011011111100010001010000111000011010111101111011010111100111110000110001110101111100001010000100011110000101111111000111100111111000010100101011
10001111110110100011010101010001011100100111111010001101111100001111101011010010000110000101000110101001011010000101111000100010101110011101001010010111011110010
11010011110010110101111000011101101101000001000110100110010010111011011010000010100010
0110010010000100011100111100001001111000110111110111101101011111001011110110100011111001010100110101010
100110111011010111100101011101010011000010111110100000000001000101011010111100001111011110111100011110010000010010110101111101110100011010100010
100011111100111101101000010001111011101100011111111001101010100110111100101100001100110111011110000111000011111010011000010001101110101111011101001001010000011110111101100001011111100110101010011000010111110101110010010010
01100110011111011111100111110110101001011110011011111010000000000100011010111110111011000111111110010010011000010001111100100100100110111110111100111100010001011111011110001101010
011001001000010001110011110000100111100011011111011110110101111100011111011001010100110101010
1101001111011111000101000000010101111110011011111010000000100101110010000001110111101111011000010111111001101010100110000101111011001110100010110101
10001111110011110110100001000111101110110001111111100110101010011011110010110000110011011101111000011100001111110001000011010000001100111101001001010000011101110110001111001111111011010000000111011
01100110011111011111101001011111110101110010010101010101111101101000010111011010001110101111110100101111111010000001010000000110001011101111101011100010001010010101010101111110110100000001111101110110001111111000011010010000000111011111000010010011100110111000011010
01100100100001000111001010111111101111001001111110000001101011101110110001111100011101
10011010111010100010111001011001111011011101101001010100110100000000001111110010000111101101010111101111001111011000000010110011111100001000100110001111101111101101011100010010000110000110101111110011010101001101111001011000011001101110
100110111110111100110100100101111011110110000101111101110110001111101010001101011110011101000010001
1101001100110100110101111011101100011111110100110000100011111011010000011001110101111010010111111100011111011111110010000111110111101100001011111101111001001111001011110011111011010001101011110010110010111101110100100101000001110100110000100011111110110000110100101101001001010010010110101100011101
10011010111010100010111100101100111001001011010000011010101111110111101100001011111101111011010111100010011001011110111111100100001111011110010
1101001110011010111001101111100101001010100100101000001111100011111011111110010000111110111010001101010
110100110101100111110110100001000111001111000010011110001101111101111011010111110010111101101000111110010101001101010101111000101110010111101101000111110010101001101010101000110
100110111011010111100101011101010011000010111110100000000001000101011010111100001111011110111100011110010000010010110101111101110100011010100010111100010110111101111000111100100000100101101011111011101000110101000101000110
100011111100111101101000010001111011101100011111111001101010100110111100101100001100110111011110000111000011111010011000010001101110101111011101001001010000011110111101100001011111100110101010011000010111110101110010010010
01100110011111011111100111110110101001011110011011111010000000000100011010111110111011000111111110010010011000010001111100100100100110111110111100111100010001011111011110001101010
011001001000010001110011110000100111100011011111011110110101111100011111011001010100110101010111100010111000111110110010101001101010101000110
1101001111011111000101000000010101111110011011111010000000100101110010000001110111101111011000010111111001101010100110000101111011001110100010110101111100010110011010101001100001011110110011101000101101011000110
10001111110011110110100001000111101110110001111111100110101010011011110010110000110011011101111000011100001111110001000011010000001100111101001001010000011101110110001111001111111011010000000111011
01100110011111011111101001011111110101110010010101010101111101101000010111011010001110101111110100101111111010000001010000000110001011101111101011100010001010010101010101111110110100000001111101110110001111111000011010010000000111011111000010010011100110111000011010
10001110011001101111110001010001110010011100101010111110001110010011100101010111110001110010011100101010111110001110010011100101000110101011111000010010011100110111000011010
10001010110010101001000001101100101010111111101110100100000110110010101011111110111010010000011011001010101111111011101001000001101100101000110
10001110011001101111110001010001110010011100101010111110001110010011100101010111110001110010011100101010111110001110010011100101000110101011111000010010011100110111000011010
10001010110010101001000001101100101010111111101110100100000110110010101011111110111010010000011011001010101111111011101001000001101100101000110
10001110011001101111110001010001110010011100101010111110001110010011100101010111110001110010011100101010111110001110010011100101000110101011111000010010011100110111000011010
10001010110010101001000001101100101010111111101110100100000110110010101011111110111010010000011011001010101111111011101001000001101100101000110
1101001111001001110011011100001101011110001010001110010011100101010111110001110010011100101010111110001110010011100101010111110001110010011100101000110
01100100100001000111001111000010011110001101111101111011010111110010111101101000111110010101001101010101111000101110010111101101000111110010101001101010101000110
100110111011010111100101011101010011000010111110100000000001000101011010111100001111011110111100011110010000010010110101111101110100011010100010111100010110111101111000111100100000100101101011111011101000110101000101000110
100011111100111101101000010001111011101100011111111001101010100110111100101100001100110111011110000111000011111010011000010001101110101111011101001001010000011110111101100001011111100110101010011000010111110101110010010010
01100110011111011111100111110110101001011110011011111010000000000100011010111110111011000111111110010010011000010001111100100100100110111110111100111100010001011111011110001101010
011001001000010001110011110000100111100011011111011110110101111100011111011001010100110101010111100010111000111110110010101001101010101000110
1101001111011111000101000000010101111110011011111010000000100101110010000001110111101111011000010111111001101010100110000101111011001110100010110101111100010110011010101001100001011110110011101000101101011000110
10001111110011110110100001000111101110110001111111100110101010011011110010110000110011011101111000011100001111110001000011010000001100111101001001010000011101110110001111001111111011010000000111011
01100110011111011111101001011111110101110010010101010101111101101000010111011010001110101111110100101111111010000001010000000110001011101111101011100010001010010101010101111110110100000001111101110110001111111000011010010000000111011111000010010011100110111000011010
0110010010000100011100101011111101001011101010001011101101010
100110111100111000000101111001111100100101101010100011101001001010000011110100100001111000010000110110100011111000000010001111101111011010001001011101110010000000110010111011101100011111010101101011110001101000110011101011110111100111011010100101011
1000111111001111000001100111110001100001000111110100110000100011011101011110111010010010100000
1000111111011010011101110010000001110111101111011000010111111011101000110101010101000101110010011111101001011010010110000100101101011111011110011111011010000000011110111000001010111111000100011111011111100110111000010100100101010101011111110101110010010010111011010111111010001101111111011010000000011010010010100000
0110010010000100011100101011111110100000001001011101110110001111111110110100000001111101101010100011101
100110101010011011111010010010111110100110000000000110100100001110000111001010100000011111010100110100000011011010010010100000111000010001001100011111011111100111110111100111100111010111011110010010110101111101111001111000100010
1101001101111011010100101111001110101111001110100011010111011101100011111001010000001000111110000100101101011111000010011010010
100110101010011000010111100001110000111000001100101110110101001011111011110010011111110100101111110000101000011011111100010001010000111000011010111101111011010111100111110000110001110101111100001010000100011110000101111111000111100111111000010100101011
10001111110110100011010101010001011100100111111010001101111100001111101011010010000110000101000110101001011010000101111000100010101110011101001010010111011110010
11010011110010110101111000011101101101000001000110100110010010111011011010000010100010
0110010010000100011100111100001001111000110111110111101101011111001011110110100011111001010100110101010
100110111011010111100101011101010011000010111110100000000001000101011010111100001111011110111100011110010000010010110101111101110100011010100010
100011111100111101101000010001111011101100011111111001101010100110111100101100001100110111011110000111000011111010011000010001101110101111011101001001010000011110111101100001011111100110101010011000010111110101110010010010
01100110011111011111100111110110101001011110011011111010000000000100011010111110111011000111111110010010011000010001111100100100100110111110111100111100010001011111011110001101010
011001001000010001110011110000100111100011011111011110110101111100011111011001010100110101010
1101001111011111000101000000010101111110011011111010000000100101110010000001110111101111011000010111111001101010100110000101111011001110100010110101
10001111110011110110100001000111101110110001111111100110101010011011110010110000110011011101111000011100001111110001000011010000001100111101001001010000011101110110001111001111111011010000000111011
01100110011111011111101001011111110101110010010101010101111101101000010111011010001110101111110100101111111010000001010000000110001011101111101011100010001010010101010101111110110100000001111101110110001111111000011010010000000111011111000010010011100110111000011010
01100100100001000111001010111111101111001001111110000001101011101110110001111100011101
10011010111010100010111001011001111011011101101001010100110100000000001111110010000111101101010111101111001111011000000010110011111100001000100110001111101111101101011100010010000110000110101111110011010101001101111001011000011001101110
100110111110111100110100100101111011110110000101111101110110001111101010001101011110011101000010001
1101001100110100110101111011101100011111110100110000100011111011010000011001110101111010010111111100011111011111110010000111110111101100001011111101111001001111001011110011111011010001101011110010110010111101110100100101000001110100110000100011111110110000110100101101001001010010010110101100011101
10011010111010100010111100101100111001001011010000011010101111110111101100001011111101111011010111100010011001011110111111100100001111011110010
1101001110011010111001101111100101001010100100101000001111100011111011111110010000111110111010001101010
110100110101100111110110100001000111001111000010011110001101111101111011010111110010111101101000111110010101001101010101111000101110010111101101000111110010101001101010101000110
100110111011010111100101011101010011000010111110100000000001000101011010111100001111011110111100011110010000010010110101111101110100011010100010111100010110111101111000111100100000100101101011111011101000110101000101000110
100011111100111101101000010001111011101100011111111001101010100110111100101100001100110111011110000111000011111010011000010001101110101111011101001001010000011110111101100001011111100110101010011000010111110101110010010010
01100110011111011111100111110110101001011110011011111010000000000100011010111110111011000111111110010010011000010001111100100100100110111110111100111100010001011111011110001101010
011001001000010001110011110000100111100011011111011110110101111100011111011001010100110101010111100010111000111110110010101001101010101000110
1101001111011111000101000000010101111110011011111010000000100101110010000001110111101111011000010111111001101010100110000101111011001110100010110101111100010110011010101001100001011110110011101000101101011000110
10001111110011110110100001000111101110110001111111100110101010011011110010110000110011011101111000011100001111110001000011010000001100111101001001010000011101110110001111001111111011010000000111011
01100110011111011111101001011111110101110010010101010101111101101000010111011010001110101111110100101111111010000001010000000110001011101111101011100010001010010101010101111110110100000001111101110110001111111000011010010000000111011111000010010011100110111000011010
10001110011001101111110001010001110010011100101010111110001110010011100101010111110001110010011100101010111110001110010011100101000110101011111000010010011100110111000011010
10001010110010101001000001101100101010111111101110100100000110110010101011111110111010010000011011001010101111111011101001000001101100101000110
10001110011001101111110001010001110010011100101010111110001110010011100101010111110001110010011100101010111110001110010011100101000110101011111000010010011100110111000011010
10001010110010101001000001101100101010111111101110100100000110110010101011111110111010010000011011001010101111111011101001000001101100101000110
10001110011001101111110001010001110010011100101010111110001110010011100101010111110001110010011100101010111110001110010011100101000110101011111000010010011100110111000011010
10001010110010101001000001101100101010111111101110100100000110110010101011111110111010010000011011001010101111111011101001000001101100101000110
1101001111001001110011011100001101011110001010001110010011100101010111110001110010011100101010111110001110010011100101010111110001110010011100101000110
01100100100001000111001111000010011110001101111101111011010111110010111101101000111110010101001101010101111000101110010111101101000111110010101001101010101000110
100110111011010111100101011101010011000010111110100000000001000101011010111100001111011110111100011110010000010010110101111101110100011010100010111100010110111101111000111100100000100101101011111011101000110101000101000110
100011111100111101101000010001111011101100011111111001101010100110111100101100001100110111011110000111000011111010011000010001101110101111011101001001010000011110111101100001011111100110101010011000010111110101110010010010
01100110011111011111100111110110101001011110011011111010000000000100011010111110111011000111111110010010011000010001111100100100100110111110111100111100010001011111011110001101010
011001001000010001110011110000100111100011011111011110110101111100011111011001010100110101010111100010111000111110110010101001101010101000110
1101001111011111000101000000010101111110011011111010000000100101110010000001110111101111011000010111111001101010100110000101111011001110100010110101111100010110011010101001100001011110110011101000101101011000110
10001111110011110110100001000111101110110001111111100110101010011011110010110000110011011101111000011100001111110001000011010000001100111101001001010000011101110110001111001111111011010000000111011
01100110011111011111101001011111110101110010010101010101111101101000010111011010001110101111110100101111111010000001010000000110001011101111101011100010001010010101010101111110110100000001111101110110001111111000011010010000000111011111000010010011100110111000011010
0110010010000100011100101011111101001011101010001011101101010
100110111100111000000101111001111100100101101010100011101001001010000011110100100001111000010000110110100011111000000010001111101111011010001001011101110010000000110010111011101100011111010101101011110001101000110011101011110111100111011010100101011
1000111111001111000001100111110001100001000111110100110000100011011101011110111010010010100000
1000111111011010011101110010000001110111101111011000010111111011101000110101010101000101110010011111101001011010010110000100101101011111011110011111011010000000011110111000001010111111000100011111011111100110111000010100100101010101011111110101110010010010111011010111111010001101111111011010000000011010010010100000
0110010010000100011100101011111110100000001001011101110110001111111110110100000001111101101010100011101
100110101010011011111010010010111110100110000000000110100100001110000111001010100000011111010100110100000011011010010010100000111000010001001100011111011111100111110111100111100111010111011110010010110101111101111001111000100010
1101001101111011010100101111001110101111001110100011010111011101100011111001010000001000111110000100101101011111000010011010010
100110101010011000010111100001110000111000001100101110110101001011111011110010011111110100101111110000101000011011111100010001010000111000011010111101111011010111100111110000110001110101111100001010000100011110000101111111000111100111111000010100101011
10001111110110100011010101010001011100100111111010001101111100001111101011010010000110000101000110101001011010000101111000100010101110011101001010010111011110010
11010011110010110101111000011101101101000001000110100110010010111011011010000010100010
0110010010000100011100111100001001111000110111110111101101011111001011110110100011111001010100110101010
100110111011010111100101011101010011000010111110100000000001000101011010111100001111011110111100011110010000010010110101111101110100011010100010
100011111100111101101000010001111011101100011111111001101010100110111100101100001100110111011110000111000011111010011000010001101110101111011101001001010000011110111101100001011111100110101010011000010111110101110010010010
01100110011111011111100111110110101001011110011011111010000000000100011010111110111011000111111110010010011000010001111100100100100110111110111100111100010001011111011110001101010
011001001000010001110011110000100111100011011111011110110101111100011111011001010100110101010
1101001111011111000101000000010101111110011011111010000000100101110010000001110111101111011000010111111001101010100110000101111011001110100010110101
10001111110011110110100001000111101110110001111111100110101010011011110010110000110011011101111000011100001111110001000011010000001100111101001001010000011101110110001111001111111011010000000111011
01100110011111011111101001011111110101110010010101010101111101101000010111011010001110101111110100101111111010000001010000000110001011101111101011100010001010010101010101111110110100000001111101110110001111111000011010010000000111011111000010010011100110111000011010
01100100100001000111001010111111101111001001111110000001101011101110110001111100011101
10011010111010100010111001011001111011011101101001010100110100000000001111110010000111101101010111101111001111011000000010110011111100001000100110001111101111101101011100010010000110000110101111110011010101001101111001011000011001101110
100110111110111100110100100101111011110110000101111101110110001111101010001101011110011101000010001
1101001100110100110101111011101100011111110100110000100011111011010000011001110101111010010111111100011111011111110010000111110111101100001011111101111001001111001011110011111011010001101011110010110010111101110100100101000001110100110000100011111110110000110100101101001001010010010110101100011101
10011010111010100010111100101100111001001011010000011010101111110111101100001011111101111011010111100010011001011110111111100100001111011110010
1101001110011010111001101111100101001010100100101000001111100011111011111110010000111110111010001101010
110100110101100111110110100001000111001111000010011110001101111101111011010111110010111101101000111110010101001101010101111000101110010111101101000111110010101001101010101000110
100110111011010111100101011101010011000010111110100000000001000101011010111100001111011110111100011110010000010010110101111101110100011010100010111100010110111101111000111100100000100101101011111011101000110101000101000110
100011111100111101101000010001111011101100011111111001101010100110111100101100001100110111011110000111000011111010011000010001101110101111011101001001010000011110111101100001011111100110101010011000010111110101110010010010
01100110011111011111100111110110101001011110011011111010000000000100011010111110111011000111111110010010011000010001111100100100100110111110111100111100010001011111011110001101010
011001001000010001110011110000100111100011011111011110110101111100011111011001010100110101010111100010111000111110110010101001101010101000110
1101001111011111000101000000010101111110011011111010000000100101110010000001110111101111011000010111111001101010100110000101111011001110100010110101111100010110011010101001100001011110110011101000101101011000110
10001111110011110110100001000111101110110001111111100110101010011011110010110000110011011101111000011100001111110001000011010000001100111101001001010000011101110110001111001111111011010000000111011
01100110011111011111101001011111110101110010010101010101111101101000010111011010001110101111110100101111111010000001010000000110001011101111101011100010001010010101010101111110110100000001111101110110001111111000011010010000000111011111000010010011100110111000011010
10001110011001101111110001010001110010011100101010111110001110010011100101010111110001110010011100101010111110001110010011100101000110101011111000010010011100110111000011010
10001010110010101001000001101100101010111111101110100100000110110010101011111110111010010000011011001010101111111011101001000001101100101000110
10001110011001101111110001010001110010011100101010111110001110010011100101010111110001110010011100101010111110001110010011100101000110101011111000010010011100110111000011010
10001010110010101001000001101100101010111111101110100100000110110010101011111110111010010000011011001010101111111011101001000001101100101000110
10001110011001101111110001010001110010011100101010111110001110010011100101010111110001110010011100101010111110001110010011100101000110101011111000010010011100110111000011010
10001010110010101001000001101100101010111111101110100100000110110010101011111110111010010000011011001010101111111011101001000001101100101000110
1101001111001001110011011100001101011110001010001110010011100101010111110001110010011100101010111110001110010011100101010111110001110010011100101000110
01100100100001000111001111000010011110001101111101111011010111110010111101101000111110010101001101010101111000101110010111101101000111110010101001101010101000110
100110111011010111100101011101010011000010111110100000000001000101011010111100001111011110111100011110010000010010110101111101110100011010100010111100010110111101111000111100100000100101101011111011101000110101000101000110
100011111100111101101000010001111011101100011111111001101010100110111100101100001100110111011110000111000011111010011000010001101110101111011101001001010000011110111101100001011111100110101010011000010111110101110010010010
01100110011111011111100111110110101001011110011011111010000000000100011010111110111011000111111110010010011000010001111100100100100110111110111100111100010001011111011110001101010
011001001000010001110011110000100111100011011111011110110101111100011111011001010100110101010111100010111000111110110010101001101010101000110
1101001111011111000101000000010101111110011011111010000000100101110010000001110111101111011000010111111001101010100110000101111011001110100010110101111100010110011010101001100001011110110011101000101101011000110
10001111110011110110100001000111101110110001111111100110101010011011110010110000110011011101111000011100001111110001000011010000001100111101001001010000011101110110001111001111111011010000000111011
01100110011111011111101001011111110101110010010101010101111101101000010111011010001110101111110100101111111010000001010000000110001011101111101011100010001010010101010101111110110100000001111101110110001111111000011010010000000111011111000010010011100110111000011010
0110010010000100011100101011111101001011101010001011101101010
100110111100111000000101111001111100100101101010100011101001001010000011110100100001111000010000110110100011111000000010001111101111011010001001011101110010000000110010111011101100011111010101101011110001101000110011101011110111100111011010100101011
1000111111001111000001100111110001100001000111110100110000100011011101011110111010010010100000
1000111111011010011101110010000001110111101111011000010111111011101000110101010101000101110010011111101001011010010110000100101101011111011110011111011010000000011110111000001010111111000100011111011111100110111000010100100101010101011111110101110010010010111011010111111010001101111111011010000000011010010010100000
0110010010000100011100101011111110100000001001011101110110001111111110110100000001111101101010100011101
100110101010011011111010010010111110100110000000000110100100001110000111001010100000011111010100110100000011011010010010100000111000010001001100011111011111100111110111100111100111010111011110010010110101111101111001111000100010
1101001101111011010100101111001110101111001110100011010111011101100011111001010000001000111110000100101101011111000010011010010
100110101010011000010111100001110000111000001100101110110101001011111011110010011111110100101111110000101000011011111100010001010000111000011010111101111011010111100111110000110001110101111100001010000100011110000101111111000111100111111000010100101011
10001111110110100011010101010001011100100111111010001101111100001111101011010010000110000101000110101001011010000101111000100010101110011101001010010111011110010
11010011110010110101111000011101101101000001000110100110010010111011011010000010100010
0110010010000100011100111100001001111000110111110111101101011111001011110110100011111001010100110101010
100110111011010111100101011101010011000010111110100000000001000101011010111100001111011110111100011110010000010010110101111101110100011010100010
100011111100111101101000010001111011101100011111111001101010100110111100101100001100110111011110000111000011111010011000010001101110101111011101001001010000011110111101100001011111100110101010011000010111110101110010010010
01100110011111011111100111110110101001011110011011111010000000000100011010111110111011000111111110010010011000010001111100100100100110111110111100111100010001011111011110001101010
011001001000010001110011110000100111100011011111011110110101111100011111011001010100110101010
1101001111011111000101000000010101111110011011111010000000100101110010000001110111101111011000010111111001101010100110000101111011001110100010110101
10001111110011110110100001000111101110110001111111100110101010011011110010110000110011011101111000011100001111110001000011010000001100111101001001010000011101110110001111001111111011010000000111011
01100110011111011111101001011111110101110010010101010101111101101000010111011010001110101111110100101111111010000001010000000110001011101111101011100010001010010101010101111110110100000001111101110110001111111000011010010000000111011111000010010011100110111000011010
01100100100001000111001010111111101111001001111110000001101011101110110001111100011101
10011010111010100010111001011001111011011101101001010100110100000000001111110010000111101101010111101111001111011000000010110011111100001000100110001111101111101101011100010010000110000110101111110011010101001101111001011000011001101110
100110111110111100110100100101111011110110000101111101110110001111101010001101011110011101000010001
1101001100110100110101111011101100011111110100110000100011111011010000011001110101111010010111111100011111011111110010000111110111101100001011111101111001001111001011110011111011010001101011110010110010111101110100100101000001110100110000100011111110110000110100101101001001010010010110101100011101
10011010111010100010111100101100111001001011010000011010101111110111101100001011111101111011010111100010011001011110111111100100001111011110010
1101001110011010111001101111100101001010100100101000001111100011111011111110010000111110111010001101010
110100110101100111110110100001000111001111000010011110001101111101111011010111110010111101101000111110010101001101010101111000101110010111101101000111110010101001101010101000110
100110111011010111100101011101010011000010111110100000000001000101011010111100001111011110111100011110010000010010110101111101110100011010100010111100010110111101111000111100100000100101101011111011101000110101000101000110
100011111100111101101000010001111011101100011111111001101010100110111100101100001100110111011110000111000011111010011000010001101110101111011101001001010000011110111101100001011111100110101010011000010111110101110010010010
01100110011111011111100111110110101001011110011011111010000000000100011010111110111011000111111110010010011000010001111100100100100110111110111100111100010001011111011110001101010
011001001000010001110011110000100111100011011111011110110101111100011111011001010100110101010111100010111000111110110010101001101010101000110
1101001111011111000101000000010101111110011011111010000000100101110010000001110111101111011000010111111001101010100110000101111011001110100010110101111100010110011010101001100001011110110011101000101101011000110
10001111110011110110100001000111101110110001111111100110101010011011110010110000110011011101111000011100001111110001000011010000001100111101001001010000011101110110001111001111111011010000000111011
01100110011111011111101001011111110101110010010101010101111101101000010111011010001110101111110100101111111010000001010000000110001011101111101011100010001010010101010101111110110100000001111101110110001111111000011010010000000111011111000010010011100110111000011010
10001110011001101111110001010001110010011100101010111110001110010011100101010111110001110010011100101010111110001110010011100101000110101011111000010010011100110111000011010
10001010110010101001000001101100101010111111101110100100000110110010101011111110111010010000011011001010101111111011101001000001101100101000110
10001110011001101111110001010001110010011100101010111110001110010011100101010111110001110010011100101010111110001110010011100101000110101011111000010010011100110111000011010
10001010110010101001000001101100101010111111101110100100000110110010101011111110111010010000011011001010101111111011101001000001101100101000110
10001110011001101111110001010001110010011100101010111110001110010011100101010111110001110010011100101010111110001110010011100101000110101011111000010010011100110111000011010
10001010110010101001000001101100101010111111101110100100000110110010101011111110111010010000011011001010101111111011101001000001101100101000110
1101001111001001110011011100001101011110001010001110010011100101010111110001110010011100101010111110001110010011100101010111110001110010011100101000110
01100100100001000111001111000010011110001101111101111011010111110010111101101000111110010101001101010101111000101110010111101101000111110010101001101010101000110
100110111011010111100101011101010011000010111110100000000001000101011010111100001111011110111100011110010000010010110101111101110100011010100010111100010110111101111000111100100000100101101011111011101000110101000101000110
100011111100111101101000010001111011101100011111111001101010100110111100101100001100110111011110000111000011111010011000010001101110101111011101001001010000011110111101100001011111100110101010011000010111110101110010010010
01100110011111011111100111110110101001011110011011111010000000000100011010111110111011000111111110010010011000010001111100100100100110111110111100111100010001011111011110001101010
011001001000010001110011110000100111100011011111011110110101111100011111011001010100110101010111100010111000111110110010101001101010101000110
1101001111011111000101000000010101111110011011111010000000100101110010000001110111101111011000010111111001101010100110000101111011001110100010110101111100010110011010101001100001011110110011101000101101011000110
10001111110011110110100001000111101110110001111111100110101010011011110010110000110011011101111000011100001111110001000011010000001100111101001001010000011101110110001111001111111011010000000111011
01100110011111011111101001011111110101110010010101010101111101101000010111011010001110101111110100101111111010000001010000000110001011101111101011100010001010010101010101111110110100000001111101110110001111111000011010010000000111011111000010010011100110111000011010
0110010010000100011100101011111101001011101010001011101101010
100110111100111000000101111001111100100101101010100011101001001010000011110100100001111000010000110110100011111000000010001111101111011010001001011101110010000000110010111011101100011111010101101011110001101000110011101011110111100111011010100101011
1000111111001111000001100111110001100001000111110100110000100011011101011110111010010010100000
1000111111011010011101110010000001110111101111011000010111111011101000110101010101000101110010011111101001011010010110000100101101011111011110011111011010000000011110111000001010111111000100011111011111100110111000010100100101010101011111110101110010010010111011010111111010001101111111011010000000011010010010100000
0110010010000100011100101011111110100000001001011101110110001111111110110100000001111101101010100011101
100110101010011011111010010010111110100110000000000110100100001110000111001010100000011111010100110100000011011010010010100000111000010001001100011111011111100111110111100111100111010111011110010010110101111101111001111000100010
1101001101111011010100101111001110101111001110100011010111011101100011111001010000001000111110000100101101011111000010011010010
100110101010011000010111100001110000111000001100101110110101001011111011110010011111110100101111110000101000011011111100010001010000111000011010111101111011010111100111110000110001110101111100001010000100011110000101111111000111100111111000010100101011
10001111110110100011010101010001011100100111111010001101111100001111101011010010000110000101000110101001011010000101111000100010101110011101001010010111011110010
11010011110010110101111000011101101101000001000110100110010010111011011010000010100010
0110010010000100011100111100001001111000110111110111101101011111001011110110100011111001010100110101010
100110111011010111100101011101010011000010111110100000000001000101011010111100001111011110111100011110010000010010110101111101110100011010100010
100011111100111101101000010001111011101100011111111001101010100110111100101100001100110111011110000111000011111010011000010001101110101111011101001001010000011110111101100001011111100110101010011000010111110101110010010010
01100110011111011111100111110110101001011110011011111010000000000100011010111110111011000111111110010010011000010001111100100100100110111110111100111100010001011111011110001101010
011001001000010001110011110000100111100011011111011110110101111100011111011001010100110101010
1101001111011111000101000000010101111110011011111010000000100101110010000001110111101111011000010111111001101010100110000101111011001110100010110101
10001111110011110110100001000111101110110001111111100110101010011011110010110000110011011101111000011100001111110001000011010000001100111101001001010000011101110110001111001111111011010000000111011
01100110011111011111101001011111110101110010010101010101111101101000010111011010001110101111110100101111111010000001010000000110001011101111101011100010001010010101010101111110110100000001111101110110001111111000011010010000000111011111000010010011100110111000011010
01100100100001000111001010111111101111001001111110000001101011101110110001111100011101
10011010111010100010111001011001111011011101101001010100110100000000001111110010000111101101010111101111001111011000000010110011111100001000100110001111101111101101011100010010000110000110101111110011010101001101111001011000011001101110
100110111110111100110100100101111011110110000101111101110110001111101010001101011110011101000010001
1101001100110100110101111011101100011111110100110000100011111011010000011001110101111010010111111100011111011111110010000111110111101100001011111101111001001111001011110011111011010001101011110010110010111101110100100101000001110100110000100011111110110000110100101101001001010010010110101100011101
10011010111010100010111100101100111001001011010000011010101111110111101100001011111101111011010111100010011001011110111111100100001111011110010
1101001110011010111001101111100101001010100100101000001111100011111011111110010000111110111010001101010
110100110101100111110110100001000111001111000010011110001101111101111011010111110010111101101000111110010101001101010101111000101110010111101101000111110010101001101010101000110
100110111011010111100101011101010011000010111110100000000001000101011010111100001111011110111100011110010000010010110101111101110100011010100010111100010110111101111000111100100000100101101011111011101000110101000101000110
100011111100111101101000010001111011101100011111111001101010100110111100101100001100110111011110000111000011111010011000010001101110101111011101001001010000011110111101100001011111100110101010011000010111110101110010010010
01100110011111011111100111110110101001011110011011111010000000000100011010111110111011000111111110010010011000010001111100100100100110111110111100111100010001011111011110001101010
011001001000010001110011110000100111100011011111011110110101111100011111011001010100110101010111100010111000111110110010101001101010101000110
1101001111011111000101000000010101111110011011111010000000100101110010000001110111101111011000010111111001101010100110000101111011001110100010110101111100010110011010101001100001011110110011101000101101011000110
10001111110011110110100001000111101110110001111111100110101010011011110010110000110011011101111000011100001111110001000011010000001100111101001001010000011101110110001111001111111011010000000111011
01100110011111011111101001011111110101110010010101010101111101101000010111011010001110101111110100101111111010000001010000000110001011101111101011100010001010010101010101111110110100000001111101110110001111111000011010010000000111011111000010010011100110111000011010
10001110011001101111110001010001110010011100101010111110001110010011100101010111110001110010011100101010111110001110010011100101000110101011111000010010011100110111000011010
10001010110010101001000001101100101010111111101110100100000110110010101011111110111010010000011011001010101111111011101001000001101100101000110
10001110011001101111110001010001110010011100101010111110001110010011100101010111110001110010011100101010111110001110010011100101000110101011111000010010011100110111000011010
10001010110010101001000001101100101010111111101110100100000110110010101011111110111010010000011011001010101111111011101001000001101100101000110
10001110011001101111110001010001110010011100101010111110001110010011100101010111110001110010011100101010111110001110010011100101000110101011111000010010011100110111000011010
10001010110010101001000001101100101010111111101110100100000110110010101011111110111010010000011011001010101111111011101001000001101100101000110
1101001111001001110011011100001101011110001010001110010011100101010111110001110010011100101010111110001110010011100101010111110001110010011100101000110
01100100100001000111001111000010011110001101111101111011010111110010111101101000111110010101001101010101111000101110010111101101000111110010101001101010101000110
100110111011010111100101011101010011000010111110100000000001000101011010111100001111011110111100011110010000010010110101111101110100011010100010111100010110111101111000111100100000100101101011111011101000110101000101000110
100011111100111101101000010001111011101100011111111001101010100110111100101100001100110111011110000111000011111010011000010001101110101111011101001001010000011110111101100001011111100110101010011000010111110101110010010010
01100110011111011111100111110110101001011110011011111010000000000100011010111110111011000111111110010010011000010001111100100100100110111110111100111100010001011111011110001101010
011001001000010001110011110000100111100011011111011110110101111100011111011001010100110101010111100010111000111110110010101001101010101000110
1101001111011111000101000000010101111110011011111010000000100101110010000001110111101111011000010111111001101010100110000101111011001110100010110101111100010110011010101001100001011110110011101000101101011000110
10001111110011110110100001000111101110110001111111100110101010011011110010110000110011011101111000011100001111110001000011010000001100111101001001010000011101110110001111001111111011010000000111011
01100110011111011111101001011111110101110010010101010101111101101000010111011010001110101111110100101111111010000001010000000110001011101111101011100010001010010101010101111110110100000001111101110110001111111000011010010000000111011111000010010011100110111000011010
